432
123
367
213
278
212
304
338
160
371
196
317
35
35
4
210
471
299
484
55
51
413
412
435
45
177
208
475
131
197
470
428
137
137
103
280
374
477
279
216
327
378
483
94
224
460
459
230
259
166
348
332
472
426
112
111
25
342
153
368
255
353
259
473
430
91
430
384
223
92
443
127
436
249
30
287
492
383
42
331
99
134
179
294
149
200
47
231
92
410
230
92
55
399
364
318
32
393
193
482
191
21
215
431
101
341
238
158
374
281
328
373
450
489
156
349
327
477
485
94
112
178
453
25
477
185
166
45
190
31
312
16
461
239
415
129
80
305
376
466
67
91
251
201
36
156
258
67
334
401
248
374
326
9
259
181
276
354
27
4
235
196
395
52
183
242
234
458
380
410
351
324
195
466
56
28
364
19
404
434
94
393
495
442
126
417
183
61
309
391
392
103
114
269
328
82
430
479
478
87
5
294
80
244
180
394
344
185
444
157
181
283
239
232
482
306
140
245
11
135
387
313
164
117
422
154
283
239
127
294
312
244
403
23
450
194
235
473
374
496
412
335
415
337
396
143
459
92
403
218
253
474
372
160
330
316
486
157
243
265
178
249
411
425
10
290
101
176
380
494
334
410
433
318
453
303
65
499
99
278
316
152
252
44
239
474
169
496
310
100
86
263
98
192
467
347
300
49
56
168
251
181
478
329
351
219
51
449
356
22
487
451
356
439
439
275
415
42
424
91
273
282
317
228
255
294
336
380
326
450
310
245
8
282
68
367
486
387
410
356
91
257
95
48
177
128
349
64
390
33
489
383
207
453
483
419
390
410
129
132
48
150
16
107
85
437
178
92
363
40
228
98
121
274
174
274
261
228
131
50
281
242
194
197
280
65
202
47
38
268
400
18
124
456
439
153
463
391
386
164
256
262
436
254
80
4
122
289
139
191
77
358
84
5
263
5
201
244
127
289
179
250
435
23
10
219
232
93
400
462
440
360
312
298
280
275
339
13
299
9
97
371
356
39
125
286
312
275
117
24
457
443
211
309
87
413
176
134
39
352
401
72
143
218
27
